2.445716247558593892e+01 -3.195039062500000071e+01 -3.814697265625000000e-06
2.178660888671874929e+01 -3.092944641113281179e+01 -3.814697265625000000e-06
1.697259674072265767e+01 -3.011934814453125142e+01 -3.814697265625000000e-06
1.645496215820312358e+01 -3.000504760742187571e+01 3.814697265625000000e-06
1.413450622558593750e+01 -2.949346313476562642e+01 -3.814697265625000000e-06
1.167991180419921804e+01 -2.809298400878906321e+01 3.814697265625000000e-06
-9.691204071044921875e+00 -2.458399505615234304e+01 -7.629394531250000000e-06
-1.394527893066406321e+01 -2.634848022460937500e+01 -3.814697265625000000e-06
-2.081369018554687500e+01 -2.972206726074218608e+01 3.814697265625000000e-06
-2.145878753662109517e+01 -3.002946166992187571e+01 3.814697265625000000e-06
-2.194580993652343892e+01 -3.026139221191406392e+01 -7.629394531250000000e-06
-4.351062316894531534e+01 -2.920474767684936301e-01 3.814697265625000000e-06
-4.340375366210937358e+01 -2.521659851074218750e+00 3.814697265625000000e-06
-4.337703857421875142e+01 -2.912312316894531072e+00 3.814697265625000000e-06
-4.336423645019531392e+01 -3.188654136657715021e+00 -3.814697265625000000e-06
-4.334141540527343750e+01 -3.671419906616210760e+00 3.814697265625000000e-06
-4.331135864257812784e+01 -4.318435668945312500e+00 3.814697265625000000e-06
-4.324902038574218466e+01 -6.003113174438476918e+00 3.814697265625000000e-06
-4.320894470214843608e+01 -7.399236297607421520e+00 3.814697265625000000e-06
-4.316831359863281392e+01 -8.820880126953124289e+00 3.814697265625000000e-06
-4.313046569824219034e+01 -1.013597869873046875e+01 -3.814697265625000000e-06
-4.312156066894531392e+01 -1.023142013549804652e+01 -3.814697265625000000e-06
-4.309261779785155966e+01 -1.166526031494140625e+01 3.814697265625000000e-06
-4.313547363281249858e+01 -1.354300537109375036e+01 7.629394531250000000e-06
-4.326405029296874716e+01 -1.390146179199218679e+01 -3.814697265625000000e-06
-4.347110290527344034e+01 -1.428544311523437571e+01 3.814697265625000000e-06
-4.590065002441406250e+01 -1.441750640869140554e+01 3.814697265625000000e-06
-4.851332092285156250e+01 -1.441750640869140554e+01 3.814697265625000000e-06
-5.054323120117187784e+01 -1.366840972900390661e+01 3.814697265625000000e-06
-5.171987915039062500e+01 -1.305026397705078089e+01 -3.814697265625000000e-06
-5.245236206054687500e+01 -1.283163757324218679e+01 -7.629394531250000000e-06
-5.395962524414062500e+01 -1.194270477294921839e+01 -7.629394531250000000e-06
-3.170463256835937571e+01 -7.060749053955078125e+00 3.814697265625000000e-06
-2.914985046386718892e+01 -7.041883087158202770e+00 -3.814697265625000000e-06
-2.809732666015624858e+01 -7.003040313720703125e+00 3.814697265625000000e-06
-2.618708190917968892e+01 -6.383773803710937500e+00 -3.814697265625000000e-06
-5.831200408935546697e+00 2.947440185546874858e+01 -3.814697265625000000e-06
-4.989068603515624645e+00 2.891611938476562571e+01 3.814697265625000000e-06
-4.803721618652343928e+00 2.829346618652343892e+01 -3.814697265625000000e-06
-7.919554138183594105e+00 2.624681396484374929e+01 3.814697265625000000e-06
-9.097871398925780895e+00 2.698378295898437429e+01 -3.814697265625000000e-06
-1.086896438598632741e+01 2.809257202148437571e+01 3.814697265625000000e-06
-1.202835693359375036e+01 2.878293151855468679e+01 3.814697265625000000e-06
-1.287327117919921804e+01 3.174083557128906108e+01 -7.629394531250000000e-06
-1.301353454589843750e+01 3.266539306640625284e+01 -3.814697265625000000e-06
-1.388460845947265554e+01 3.606285705566406108e+01 -3.814697265625000000e-06
-1.459594116210937464e+01 3.791976623535155966e+01 -7.629394531250000000e-06
-1.982962646484374858e+01 2.247762756347656321e+01 -7.629394531250000000e-06
-2.000940704345703125e+01 2.152867889404296875e+01 3.814697265625000000e-06
1.211183166503906250e+01 -2.589792785644531392e+01 -3.814697265625000000e-06
8.552947235107421164e+00 -2.361962890625000000e+01 -3.814697265625000000e-06
5.426539611816406428e+00 -2.184958038330078267e+01 -3.814697265625000000e-06
3.879755020141601562e+00 -2.074204864501952983e+01 3.814697265625000000e-06
3.291431808471679599e+00 -1.942143859863281108e+01 -3.814697265625000000e-06
3.138367462158202947e+00 -1.907852325439453267e+01 3.814697265625000000e-06
3.897566223144531161e+00 -1.701547546386718679e+01 -7.629394531250000000e-06
6.147333145141601562e+00 -1.341094207763671875e+01 -3.814697265625000000e-06
2.534459114074707031e+00 -1.034905700683593821e+01 3.814697265625000000e-06
1.938899803161621138e+00 -1.009158706665039062e+01 -3.814697265625000000e-06
1.336661434173584073e+00 -9.831896972656249289e+00 3.814697265625000000e-06
-3.245248794555664062e+00 -7.757699584960937145e+00 -3.814697265625000000e-06
-5.383696365356445135e+00 -6.859876251220702770e+00 3.814697265625000000e-06
-6.029349136352538885e+00 -6.484764862060546697e+00 3.814697265625000000e-06
-7.308966827392578303e+00 -5.396052932739257457e+00 -3.814697265625000000e-06
-7.677434539794921520e+00 -3.965518188476562678e+00 -3.814697265625000000e-06
-9.271529388427733664e+00 9.087746620178223100e-01 -3.814697265625000000e-06
-9.969503021240234020e+00 1.660122871398925781e+00 -3.814697265625000000e-06
-1.057897720336914027e+01 3.333737182617187322e+00 3.814697265625000000e-06
-1.111219711303710866e+01 4.576744842529296697e+00 -3.814697265625000000e-06
-1.150738143920898438e+01 5.072838973999023615e+00 3.814697265625000000e-06
-1.222706222534179688e+01 5.557835769653320490e+00 -3.814697265625000000e-06
-1.424806671142578196e+01 4.829785919189452770e+00 3.814697265625000000e-06
-4.527392272949218466e+01 2.938782958984375071e+01 -7.629394531250000000e-06
-4.574480285644531108e+01 2.728345642089843892e+01 3.814697265625000000e-06
-4.585668029785156108e+01 2.678289184570312642e+01 3.814697265625000000e-06
-3.383862915039062358e+01 1.902479553222656250e+01 -7.629394531250000000e-06
-3.466016540527343892e+01 1.777064056396484304e+01 -3.814697265625000000e-06
-2.319982452392578054e+01 -3.034129333496093750e+01 -3.814697265625000000e-06
-3.033985595703125071e+01 -2.641173706054687642e+01 3.814697265625000000e-06
-3.594534912109374858e+01 -2.723627014160156179e+01 -3.814697265625000000e-06
-3.876785583496094034e+01 -2.780001525878906321e+01 3.814697265625000000e-06
-3.994394531249999858e+01 -2.801863098144531250e+01 3.814697265625000000e-06
-4.184750976562499858e+01 -2.837263488769531250e+01 3.814697265625000000e-06
-4.323510742187500000e+01 -2.872109069824218608e+01 -7.629394531250000000e-06
-4.726153259277343466e+01 -3.198923034667968679e+01 -3.814697265625000000e-06
-4.804243774414062784e+01 -3.245420227050781392e+01 3.814697265625000000e-06
-1.725181198120117276e+00 -3.711499328613281534e+01 -3.814697265625000000e-06
-1.065690078735351598e+01 3.241233215332031392e+01 -3.814697265625000000e-06
4.249147644042968608e+01 9.709744262695313211e+00 -3.814697265625000000e-06
4.090294799804687642e+01 1.083845901489257812e+01 -3.814697265625000000e-06
3.955375671386718750e+01 1.201379089355468821e+01 -3.814697265625000000e-06
1.473396148681640661e+01 3.827605285644531108e+01 -7.629394531250000000e-06
1.721527404785156179e+01 3.666332702636718466e+01 3.814697265625000000e-06
2.588372192382812642e+01 2.949105224609375142e+01 -3.814697265625000000e-06
3.685648498535156392e+01 1.284951019287109375e+01 3.814697265625000000e-06
3.927768249511719034e+01 1.024247055053711009e+01 -3.814697265625000000e-06
-2.155006866455078196e+01 -6.111873245239257457e+00 -3.814697265625000000e-06
-1.679784088134765696e+01 -9.823018646240234020e+00 -3.814697265625000000e-06
-1.548594055175781214e+01 -1.117473602294921875e+01 7.629394531250000000e-06
-1.087453002929687429e+01 -1.938925628662109446e+01 -3.814697265625000000e-06
-1.031014022827148402e+01 -2.054007263183593679e+01 -7.629394531250000000e-06
-5.714315032958984020e+00 -2.995067138671874929e+01 -3.814697265625000000e-06
-3.852496719360351651e+00 -3.350399475097655966e+01 3.814697265625000000e-06
-2.717037773132324308e+00 -3.510642089843749858e+01 3.814697265625000000e-06
6.482961273193359020e+00 -3.508644714355468608e+01 3.814697265625000000e-06
-4.662534179687499858e+01 2.548209533691406392e+01 -3.814697265625000000e-06
-2.958956298828125142e+01 4.283749771118164240e+00 -3.814697265625000000e-06
-2.987788085937500071e+01 4.213830566406249645e+00 3.814697265625000000e-06
-2.998140869140625142e+01 4.188304519653319957e+00 3.814697265625000000e-06
-3.008493347167968679e+01 4.206061553955078303e+00 3.814697265625000000e-06
-3.047455139160156179e+01 4.270431900024414418e+00 -3.814697265625000000e-06
-4.399597473144531534e+01 3.472465515136718750e+00 3.814697265625000000e-06
-4.537021484374999858e+01 1.469233703613281206e+00 -7.629394531250000000e-06
-4.628692932128906534e+01 -3.588210754394530966e+01 3.814697265625000000e-06
3.955375671386718750e+01 1.201379089355468821e+01 -3.814697265625000000e-06
-5.710328979492187784e+01 -1.627859191894531321e+01 -3.814697265625000000e-06
-5.571958618164062216e+01 -1.466165618896484446e+01 -7.629394531250000000e-06
-5.395962524414062500e+01 -1.194270477294921839e+01 -7.629394531250000000e-06
-4.825561523437500000e+01 -3.035500907897949130e+00 -3.814697265625000000e-06
-4.537021484374999858e+01 1.469233703613281206e+00 -7.629394531250000000e-06
-3.986824951171875142e+01 9.551036071777343039e+00 3.814697265625000000e-06
-4.181745300292968892e+01 6.634375000000000355e+00 -3.814697265625000000e-06
-3.940348815917968750e+01 -3.623832397460937216e+01 -3.814697265625000000e-06
-3.979756164550781250e+01 -3.540826110839843466e+01 3.814697265625000000e-06
-4.142727661132812500e+01 -3.262843017578124716e+01 3.814697265625000000e-06
-4.218814697265624858e+01 -3.115915832519531392e+01 3.814697265625000000e-06
-4.410339660644531534e+01 -2.860900878906250000e+01 -3.814697265625000000e-06
-4.607542419433593750e+01 -2.726068420410156179e+01 -7.629394531250000000e-06
-4.830793457031249716e+01 -2.617647094726562429e+01 -3.814697265625000000e-06
-5.127293090820312216e+01 -2.339767913818359446e+01 -3.814697265625000000e-06
-5.278019409179687216e+01 -2.097509613037109233e+01 7.629394531250000000e-06
-3.929383850097656250e+01 2.195376281738281321e+01 -3.814697265625000000e-06
-3.932612304687499716e+01 2.264411010742187358e+01 -3.814697265625000000e-06
-4.206346740722656108e+01 3.417932128906250000e+01 3.814697265625000000e-06
-5.604575195312499858e+01 -2.016497497558593821e+01 -3.814697265625000000e-06
-5.676599121093750000e+01 -1.884769287109374858e+01 3.814697265625000000e-06
-3.929383850097656250e+01 2.195376281738281321e+01 -3.814697265625000000e-06
-3.507538757324218892e+01 1.996263885498046875e+01 -3.814697265625000000e-06
-3.585072631835937784e+01 1.868073425292968892e+01 -3.814697265625000000e-06
-4.771515808105468892e+01 1.060761032104492152e+01 -7.629394531250000000e-06
-4.709121398925780966e+01 1.018919754028320312e+01 -3.814697265625000000e-06
-4.493606872558594034e+01 8.745289611816406961e+00 3.814697265625000000e-06
-4.181745300292968892e+01 6.634375000000000355e+00 -3.814697265625000000e-06
-1.595348205566406286e+01 -1.249648513793945348e+01 3.814697265625000000e-06
-1.565347595214843679e+01 -1.279390563964843786e+01 3.814697265625000000e-06
-1.341428375244140625e+01 -1.730179595947265625e+01 -3.814697265625000000e-06
-7.743669128417968395e+00 -2.852467041015625071e+01 -7.629394531250000000e-06
-6.344383621215820668e+00 -3.135558166503906108e+01 -3.814697265625000000e-06
-4.639157104492187500e+01 -3.142771301269531392e+01 -3.814697265625000000e-06
-4.460210876464843466e+01 7.079419708251952770e+00 -3.814697265625000000e-06
-4.817713623046874716e+01 9.614297485351562145e+00 -3.814697265625000000e-06
-5.271563110351562642e+01 1.291388244628906179e+01 -3.814697265625000000e-06
2.538501129150390767e+01 2.603482360839843679e+01 -3.814697265625000000e-06
2.271835327148437500e+01 2.368407440185546875e+01 3.814697265625000000e-06
2.231203613281250142e+01 2.299705352783202983e+01 3.814697265625000000e-06
2.423062744140624858e+01 1.978727874755859517e+01 3.814697265625000000e-06
2.478221588134765696e+01 2.884619750976562358e+01 -3.814697265625000000e-06
2.456069030761718608e+01 2.722241210937500000e+01 3.814697265625000000e-06
2.538501129150390767e+01 2.603482360839843679e+01 -3.814697265625000000e-06
2.823868713378906392e+01 2.130226287841797017e+01 3.814697265625000000e-06
-4.692868652343749858e+01 -3.740227890014648615e+00 3.814697265625000000e-06
-4.386628723144531250e+01 5.338088989257812500e+00 3.814697265625000000e-06
-4.833854675292968750e+01 2.804928588867187500e+01 -7.629394531250000000e-06
-3.507538757324218892e+01 1.996263885498046875e+01 -3.814697265625000000e-06
-2.524197998046874858e+01 3.015810546875000142e+01 3.814697265625000000e-06
-2.660007934570312571e+01 2.799157104492187642e+01 -3.814697265625000000e-06
-2.871403503417968750e+01 2.461970977783203196e+01 -3.814697265625000000e-06
-2.972036437988281321e+01 2.301481170654296804e+01 3.814697265625000000e-06
-3.001647338867187642e+01 2.258084716796874858e+01 3.814697265625000000e-06
-3.393825988769530966e+01 1.665189361572265625e+01 3.814697265625000000e-06
-3.837322692871093466e+01 9.388999176025389914e+00 -3.814697265625000000e-06
-4.052503356933593892e+01 8.514442443847656250e+00 -3.814697265625000000e-06
-4.363808288574218608e+01 8.546627807617188211e+00 -3.814697265625000000e-06
-4.197775268554687500e+01 9.468907928466796520e+00 3.814697265625000000e-06
-4.126753540039062784e+01 9.002773284912109375e+00 -3.814697265625000000e-06
-4.142727661132812500e+01 -3.262843017578124716e+01 3.814697265625000000e-06
-4.460043945312499858e+01 -3.501764526367187358e+01 3.814697265625000000e-06
-9.282661437988281250e+00 -2.979752807617187571e+01 3.814697265625000000e-06
5.571254730224609375e+00 3.597875976562499911e+00 -3.814697265625000000e-06
4.795357894897461115e+00 2.823217391967773438e+00 -3.814697265625000000e-06
-5.496473312377929688e-01 -1.567223167419433683e+00 3.814697265625000000e-06
-5.820625305175781250e+00 3.529066467285156161e+00 -3.814697265625000000e-06
-8.745545196533203836e+00 2.896465873718261808e+00 3.814697265625000000e-06
-1.057897720336914027e+01 3.333737182617187322e+00 3.814697265625000000e-06
-1.703105468749999929e+01 -2.936473388671874929e+01 -3.814697265625000000e-06
-1.676221771240234304e+01 -3.005054626464843892e+01 -3.814697265625000000e-06
-1.676221771240234304e+01 -3.082735290527343608e+01 -3.814697265625000000e-06
-1.682066040039062571e+01 -3.148320007324218750e+01 -3.814697265625000000e-06
-1.726983489990234233e+01 -3.309673156738281108e+01 3.814697265625000000e-06
-1.344823608398437464e+01 -3.584326782226562358e+01 3.814697265625000000e-06
-1.303023223876953196e+01 -3.635151367187499716e+01 -3.814697265625000000e-06
-1.329906921386718821e+01 -3.742570800781250284e+01 3.814697265625000000e-06
-1.196546096801757741e+01 -2.987631835937499858e+01 -3.814697265625000000e-06
-1.170552978515624964e+01 -3.046558227539062358e+01 -3.814697265625000000e-06
-8.685988616943358664e+00 -3.603746643066406108e+01 3.814697265625000000e-06
-7.804895019531249645e+00 -3.709723815917968892e+01 -3.814697265625000000e-06
-6.521381378173828125e+00 -3.594203186035156250e+01 -3.814697265625000000e-06
-5.640287780761719105e+00 -3.590319213867187642e+01 7.629394531250000000e-06
-2.833833312988281250e+01 -1.063982086181640696e+01 -3.814697265625000000e-06
-2.830493469238281179e+01 -1.167746734619140625e+01 -3.814697265625000000e-06
-2.798489379882812500e+01 -2.162873992919922017e+01 -3.814697265625000000e-06
-2.535719604492187429e+01 -2.843699951171874929e+01 3.814697265625000000e-06
-4.279261169433593892e+01 -2.813071594238281392e+01 3.814697265625000000e-06
-4.374995727539062784e+01 -2.580914916992187358e+01 3.814697265625000000e-06
-4.875265808105469034e+01 -2.215032348632812642e+01 3.814697265625000000e-06
-5.067681274414062642e+01 -1.900084075927734517e+01 -3.814697265625000000e-06
-5.109481811523437500e+01 -1.323781585693359375e+01 3.814697265625000000e-06
-2.440652770996093679e+01 1.298321342468261808e+00 -3.814697265625000000e-06
-1.287327117919921804e+01 3.174083557128906108e+01 -7.629394531250000000e-06
-1.065690078735351598e+01 3.241233215332031392e+01 -3.814697265625000000e-06
-8.237371063232421520e+00 -2.389040679931640554e+01 3.814697265625000000e-06
-2.440652770996093679e+01 1.298321342468261808e+00 -3.814697265625000000e-06
-2.320984344482421946e+01 1.768885421752929732e+00 -3.814697265625000000e-06
-2.338906707763671733e+01 2.523564910888671964e+00 3.814697265625000000e-06
-2.506665191650390767e+01 8.840736389160156250e+00 -3.814697265625000000e-06
-2.222466583251953054e+01 9.718623352050780539e+00 -3.814697265625000000e-06
-2.318034362792968750e+01 1.234674682617187536e+01 -3.814697265625000000e-06
-2.440819702148437642e+01 1.203820724487304616e+01 -3.814697265625000000e-06
-2.463139343261718750e+01 1.233120880126953089e+01 3.814697265625000000e-06
-2.583753967285156250e+01 1.569075012207031250e+01 -3.814697265625000000e-06
-1.320722961425781250e+01 1.655200500488281179e+01 -3.814697265625000000e-06
-1.042312927246093679e+01 1.364527740478515661e+01 -3.814697265625000000e-06
-9.087295532226562500e+00 1.110704269409179723e+01 3.814697265625000000e-06
-7.912318420410156428e+00 1.131902389526367259e+01 -3.814697265625000000e-06
-2.532804107666015714e+00 1.237671279907226562e+01 -3.814697265625000000e-06
-3.903168334960937358e+01 6.533380126953124645e+00 -3.814697265625000000e-06
-3.799140014648437358e+01 5.866369628906250355e+00 -3.814697265625000000e-06
-3.154266357421875000e+01 1.733371162414550692e+00 3.814697265625000000e-06
-3.031981811523437642e+01 9.498379707336426225e-01 -3.814697265625000000e-06
-2.440374450683593821e+01 -2.902323913574218928e+00 -7.629394531250000000e-06
-1.828284149169921946e+01 -6.932012939453125355e+00 3.814697265625000000e-06
-1.227325973510742152e+01 -1.406127014160156286e+01 3.814697265625000000e-06
-7.454795074462890803e+00 -2.351642150878906179e+01 7.629394531250000000e-06
-6.265903091430663707e+00 -2.676685180664062358e+01 3.814697265625000000e-06
-9.965950965881347212e-01 -3.540715332031250284e+01 -3.814697265625000000e-06
2.706315307617187571e+01 -3.382470397949218466e+01 -3.814697265625000000e-06
3.123540649414062642e+01 -2.223799285888672017e+01 -3.814697265625000000e-06
3.281169128417968750e+01 -1.712645263671874929e+01 3.814697265625000000e-06
3.579728088378906392e+01 1.222022323608398509e+01 -3.814697265625000000e-06
3.004206237792968892e+01 2.241214447021484446e+01 -3.814697265625000000e-06
-2.609858398437500071e+01 8.588328361511230469e-01 -3.814697265625000000e-06
-2.657669982910156392e+01 8.491136169433593395e+00 3.814697265625000000e-06
-2.164135131835937642e+01 2.925797119140624858e+01 3.814697265625000000e-06
-2.755130310058593679e+01 2.503813934326171875e+01 -3.814697265625000000e-06
-2.713218383789062571e+01 2.575513000488281179e+01 -3.814697265625000000e-06
-2.519299926757812358e+01 2.602594299316406179e+01 -3.814697265625000000e-06
-2.437368774414062500e+01 2.484945678710937500e+01 -3.814697265625000000e-06
-2.450337524414062429e+01 2.392491912841796875e+01 3.814697265625000000e-06
-2.470709075927734233e+01 2.359195251464843679e+01 3.814697265625000000e-06
-2.498427581787109375e+01 2.331781158447265767e+01 -3.814697265625000000e-06
-2.557482604980468821e+01 2.302702026367187571e+01 -3.814697265625000000e-06
-2.699303588867187642e+01 2.332669067382812500e+01 -3.814697265625000000e-06
-2.727133483886718679e+01 2.360860137939453196e+01 -3.814697265625000000e-06
-2.750788879394531250e+01 2.403479766845703125e+01 3.814697265625000000e-06
-2.760028381347656179e+01 2.442104034423828196e+01 3.814697265625000000e-06
3.235917663574218750e+01 -2.356746978759765554e+01 3.814697265625000000e-06
3.293080139160156250e+01 -2.375612640380859375e+01 7.629394531250000000e-06
3.332431640624999858e+01 -2.388374786376953196e+01 -3.814697265625000000e-06
3.507147521972656534e+01 -2.445193634033203267e+01 3.814697265625000000e-06
4.630862121582030966e+01 -2.149224090576171875e+01 3.814697265625000000e-06
2.844128723144531179e+01 -3.474909362792968892e+01 3.814697265625000000e-06
2.892664184570312358e+01 -3.511862792968749858e+01 3.814697265625000000e-06
2.918768615722656179e+01 -3.532059631347656392e+01 3.814697265625000000e-06
2.952108764648437500e+01 -3.557804870605468750e+01 -3.814697265625000000e-06
2.892664184570312358e+01 -3.511862792968749858e+01 3.814697265625000000e-06
2.970309448242187500e+01 -3.319660339355468892e+01 3.814697265625000000e-06
3.686594543457031392e+01 -1.022809066772460973e+01 3.814697265625000000e-06
3.925430603027344034e+01 2.311588478088379084e+00 -7.629394531250000000e-06
3.947861633300781392e+01 3.595656204223632635e+00 -3.814697265625000000e-06
4.288554687500000284e+01 6.778653717041015270e+00 -7.629394531250000000e-06
4.071426086425780966e+01 1.247881927490234411e+01 3.814697265625000000e-06
-4.585668029785156108e+01 2.678289184570312642e+01 3.814697265625000000e-06
-4.600918884277344034e+01 2.651873779296875000e+01 -3.814697265625000000e-06
1.678279724121093608e+01 1.226794738769531179e+01 -3.814697265625000000e-06
1.406715850830078196e+01 1.686276855468749858e+01 3.814697265625000000e-06
1.431540069580078089e+01 1.592160186767578089e+01 -3.814697265625000000e-06
1.472783966064453054e+01 1.097719039916992223e+01 -3.814697265625000000e-06
1.872921905517578267e+01 1.527677154541015625e+01 -3.814697265625000000e-06
2.056543426513671946e+01 1.315694122314453196e+01 3.814697265625000000e-06
2.080421447753906250e+01 1.175297546386718750e+01 -3.814697265625000000e-06
2.023704071044921804e+01 1.029019393920898473e+01 3.814697265625000000e-06
1.590726928710937571e+01 8.244750976562500000e+00 -3.814697265625000000e-06
1.481745147705078125e+01 9.051606750488280895e+00 -3.814697265625000000e-06
1.659411010742187642e+01 1.653091735839843679e+01 -3.814697265625000000e-06
1.677333526611328196e+01 1.818684234619140483e+01 -3.814697265625000000e-06
1.636646270751953125e+01 1.870515136718750071e+01 -7.629394531250000000e-06
1.617388000488281108e+01 1.895043334960937642e+01 3.814697265625000000e-06
1.524213562011718714e+01 1.947318420410156392e+01 -3.814697265625000000e-06
1.305582122802734446e+01 1.949316253662109233e+01 -3.814697265625000000e-06
1.128862380981445312e+01 1.845986938476562500e+01 -3.814697265625000000e-06
1.107099456787109304e+01 1.802147064208984517e+01 7.629394531250000000e-06
1.044315261840820241e+01 1.576955108642578196e+01 -3.814697265625000000e-06
1.118398361206054759e+01 1.504481048583984304e+01 3.814697265625000000e-06
1.466550140380859446e+01 6.729821014404296697e+00 3.814697265625000000e-06
1.451911621093750071e+01 9.663130950927733664e+00 3.814697265625000000e-06
1.063740463256835866e+01 1.432118072509765661e+01 -3.814697265625000000e-06
1.066746139526367188e+01 1.375404357910156250e+01 -3.814697265625000000e-06
1.446067352294921804e+01 1.096609191894531321e+01 -3.814697265625000000e-06
1.187416458129882812e+01 1.381508636474609375e+01 -3.814697265625000000e-06
1.184689102172851527e+01 1.402262878417968750e+01 3.814697265625000000e-06
1.203335113525390554e+01 1.418022918701171875e+01 3.814697265625000000e-06
1.417458190917968786e+01 1.477733306884765696e+01 -3.814697265625000000e-06
4.270486450195312145e+00 -3.718934326171874716e+01 -3.814697265625000000e-06
2.655240821838378729e+00 -3.274161987304687216e+01 3.814697265625000000e-06
9.236660957336425559e-01 -3.154645385742187358e+01 3.814697265625000000e-06
3.910023450851440319e-01 -3.104263916015624858e+01 -3.814697265625000000e-06
1.021282672882080078e-01 -3.004499816894531250e+01 -3.814697265625000000e-06
-1.900853991508483776e-01 -2.841369628906250000e+01 3.814697265625000000e-06
1.210870361328125089e+00 -2.597339172363281179e+01 7.629394531250000000e-06
1.647242736816406206e+00 -2.508670806884765625e+01 3.814697265625000000e-06
1.753476104736328267e+01 1.611249847412109304e+01 3.814697265625000000e-06
1.830119476318359517e+01 1.707697296142578125e+01 3.814697265625000000e-06
1.907709197998046946e+01 1.644989776611328125e+01 -3.814697265625000000e-06
2.001774139404296804e+01 1.595711822509765554e+01 -3.814697265625000000e-06
2.074911041259765554e+01 1.547987670898437429e+01 -3.814697265625000000e-06
7.711372375488281250e+00 -2.596784057617187358e+01 -3.814697265625000000e-06
9.709000396728516336e+00 -2.763577270507812500e+01 3.814697265625000000e-06
4.542697143554687500e+01 8.070506286621093039e+00 3.814697265625000000e-06
4.767785339355468466e+01 7.315815734863281072e+00 -3.814697265625000000e-06
1.697259674072265767e+01 -3.011934814453125142e+01 -3.814697265625000000e-06
1.851047515869140625e+01 -3.157530517578124929e+01 7.629394531250000000e-06
2.318533782958984446e+01 -3.139109191894531392e+01 0.000000000000000000e+00
-3.017120666503906179e+01 2.269294586181640483e+01 -3.814697265625000000e-06
-3.001647338867187642e+01 2.258084716796874858e+01 3.814697265625000000e-06
-2.094560394287109517e+01 2.136330566406250142e+01 -3.814697265625000000e-06
-2.000940704345703125e+01 2.152867889404296875e+01 3.814697265625000000e-06
-1.792662048339843750e+01 2.002590179443359375e+01 3.814697265625000000e-06
-1.320722961425781250e+01 1.655200500488281179e+01 -3.814697265625000000e-06
-1.091182250976562429e+01 1.919904479980468892e+01 3.814697265625000000e-06
-9.446857452392578125e+00 2.156197509765625142e+01 3.814697265625000000e-06
-8.546282958984374289e+00 2.298040618896484233e+01 3.814697265625000000e-06
-3.545443115234375142e+01 1.841103515625000142e+01 -3.814697265625000000e-06
-4.537021484374999858e+01 1.469233703613281206e+00 -7.629394531250000000e-06
-4.474292907714843892e+01 1.049721717834472656e+00 -3.814697265625000000e-06
-4.294066467285156108e+01 1.296826004981994629e-01 3.814697265625000000e-06
-4.118905334472655966e+01 2.040403127670288030e-01 3.814697265625000000e-06
-4.087346191406250284e+01 2.184679269790649470e-01 3.814697265625000000e-06
-3.992891845703125142e+01 -1.544303536415100042e-01 -7.629394531250000000e-06
-3.931109313964843466e+01 -1.081125354766845792e+00 -3.814697265625000000e-06
-3.788843078613281534e+01 -3.377321243286132812e+00 -3.814697265625000000e-06
-3.708025207519531108e+01 -3.630356979370117365e+00 3.814697265625000000e-06
-3.579228515625000284e+01 -3.503839111328125089e+00 3.814697265625000000e-06
-3.170463256835937571e+01 -7.060749053955078125e+00 3.814697265625000000e-06
-3.159386901855468821e+01 -1.034350814819335973e+01 -3.814697265625000000e-06
-3.154600219726562571e+01 -1.177290878295898402e+01 -3.814697265625000000e-06
-3.151427612304687642e+01 -1.440196990966796875e+01 -3.814697265625000000e-06
-3.150648498535156250e+01 -1.545514373779296946e+01 3.814697265625000000e-06
-3.148533325195312571e+01 -1.719636688232422017e+01 -7.629394531250000000e-06
-3.146473999023437429e+01 -1.884436340332031179e+01 -3.814697265625000000e-06
-3.148199462890625000e+01 -2.017052459716796875e+01 3.814697265625000000e-06
-3.149312744140625142e+01 -2.107608337402343679e+01 -3.814697265625000000e-06
-3.117697753906249858e+01 -2.335106964111328054e+01 -3.814697265625000000e-06
-3.108013000488281108e+01 -2.377166290283203054e+01 3.814697265625000000e-06
-3.081184997558593608e+01 -2.493911285400390554e+01 -3.814697265625000000e-06
-3.066379699707031392e+01 -2.548954467773437571e+01 -3.814697265625000000e-06
-3.042612915039062571e+01 -2.637289733886718679e+01 -3.814697265625000000e-06
-1.583103027343750036e+01 2.617355957031249858e+01 -3.814697265625000000e-06
-1.765778350830078125e+01 2.567299804687500142e+01 -3.814697265625000000e-06
-7.088342189788818803e-01 -3.249082336425781392e+01 3.814697265625000000e-06
-2.717037773132324308e+00 -3.510642089843749858e+01 3.814697265625000000e-06
-1.405437164306640696e+01 4.150570297241211293e+00 -3.814697265625000000e-06
-1.562509002685546911e+01 3.083847961425781392e+01 3.814697265625000000e-06
-1.554660949707031214e+01 3.037675781249999929e+01 3.814697265625000000e-06
-1.441671600341796911e+01 2.717135620117187500e+01 3.814697265625000000e-06
-1.326121978759765696e+01 2.619686889648437500e+01 3.814697265625000000e-06
-1.193429183959960938e+01 2.528453521728515696e+01 -3.814697265625000000e-06
-1.132147750854492152e+01 2.488053436279296804e+01 3.814697265625000000e-06
-9.978964996337889914e+00 2.387053527832031108e+01 -3.814697265625000000e-06
-8.546282958984374289e+00 2.298040618896484233e+01 3.814697265625000000e-06
-1.386902465820312536e+01 3.140675354003906250e+01 -3.814697265625000000e-06
-1.562509002685546911e+01 3.083847961425781392e+01 3.814697265625000000e-06
-1.899584350585937642e+01 2.520573272705077983e+01 -3.814697265625000000e-06
-2.044466705322265554e+01 2.477731475830078267e+01 3.814697265625000000e-06
-2.164135131835937642e+01 2.925797119140624858e+01 3.814697265625000000e-06
-2.217011871337890483e+01 3.188734436035156250e+01 -7.629394531250000000e-06
-2.130126953125000000e+01 3.272200012207031250e+01 -7.629394531250000000e-06
-1.981626892089843750e+01 3.305941162109375142e+01 -7.629394531250000000e-06
-1.947062072753906392e+01 3.327695617675781392e+01 -3.814697265625000000e-06
-1.930865173339843821e+01 3.337906799316406392e+01 -7.629394531250000000e-06
-1.818042755126953125e+01 3.420706787109374858e+01 3.814697265625000000e-06
-1.797448730468750000e+01 3.434691772460937642e+01 -3.814697265625000000e-06
-1.737224884033203054e+01 3.452672424316406108e+01 -7.629394531250000000e-06
-3.305215454101562500e+01 3.163206481933593750e+01 -3.814697265625000000e-06
-4.600918884277344034e+01 2.651873779296875000e+01 -3.814697265625000000e-06
-4.662534179687499858e+01 2.548209533691406392e+01 -3.814697265625000000e-06
-3.069941711425781250e+01 5.299244689941406072e+00 -7.629394531250000000e-06
-3.131835327148437642e+01 7.906250000000000000e+00 -7.629394531250000000e-06
-3.212820434570312500e+01 1.133012237548828161e+01 -3.814697265625000000e-06
-3.335383300781249716e+01 1.578175964355468786e+01 3.814697265625000000e-06
-3.426052856445312500e+01 1.722014465332031108e+01 -3.814697265625000000e-06
-3.466016540527343892e+01 1.777064056396484304e+01 -3.814697265625000000e-06
3.314252090454101740e+00 -7.193261623382568581e-01 -3.814697265625000000e-06
3.654333114624023438e+00 -6.015320968627929865e+00 3.814697265625000000e-06
1.336661434173584073e+00 -9.831896972656249289e+00 3.814697265625000000e-06
3.042945251464843892e+01 6.774214935302734553e+00 -3.814697265625000000e-06
2.171202392578124929e+01 -1.009491653442382741e+01 -3.814697265625000000e-06
2.408980865478515554e+01 -6.207315826416015980e+00 3.814697265625000000e-06
3.313618774414062784e+01 -9.770858764648437500e+00 -3.814697265625000000e-06
3.406960144042968608e+01 -1.018036956787109304e+01 -3.814697265625000000e-06
3.573605346679687500e+01 -1.062428359985351634e+01 -3.814697265625000000e-06
2.942145690917968892e+01 -1.610435791015624929e+01 -3.814697265625000000e-06
3.419928894042968892e+01 -4.817846679687500355e+00 -3.814697265625000000e-06
1.569019622802734304e+01 -1.993858489990234517e+01 3.814697265625000000e-06
2.640191345214843821e+01 -2.083970642089843750e+01 -7.629394531250000000e-06
2.916875915527343821e+01 -2.210149383544921875e+01 3.814697265625000000e-06
2.981163024902343750e+01 -8.265984344482422586e+00 -3.814697265625000000e-06
2.481672515869140483e+01 -1.630189666748047017e+01 3.814697265625000000e-06
2.747113952636718892e+01 -1.786777496337890625e+01 -3.814697265625000000e-06
2.323487548828125071e+01 -2.610433959960937500e+01 3.814697265625000000e-06
-3.471582641601562358e+01 3.758234863281249716e+01 -3.814697265625000000e-06
-3.592753906250000284e+01 3.702405395507812358e+01 -3.814697265625000000e-06
-3.973243713378906250e+01 3.720053100585937500e+01 3.814697265625000000e-06
-1.262001953124999964e+01 -1.582760524749755815e+00 -3.814697265625000000e-06
-1.321001281738281286e+01 -2.268623352050781250e+00 3.814697265625000000e-06
-1.668930358886718679e+01 -5.331684494018555043e+00 -3.814697265625000000e-06
-1.701213073730468750e+01 -5.655746078491210582e+00 3.814697265625000000e-06
-1.828284149169921946e+01 -6.932012939453125355e+00 3.814697265625000000e-06
4.155416564941405966e+01 2.397375488281250000e+01 3.814697265625000000e-06
4.347275695800781392e+01 2.279283447265624929e+01 -3.814697265625000000e-06
1.339590148925781321e+01 6.659901428222656072e+00 3.814697265625000000e-06
1.099474029541015696e+01 6.275898361206055043e+00 3.814697265625000000e-06
8.599144744873047586e+00 5.299244689941406072e+00 -3.814697265625000000e-06
5.571254730224609375e+00 3.597875976562499911e+00 -3.814697265625000000e-06
4.829867172241210760e+00 4.416929244995117188e+00 3.814697265625000000e-06
2.428149032592773260e+00 1.046111068725585902e+01 3.814697265625000000e-06
1.921645355224609331e+00 1.082847061157226598e+01 -3.814697265625000000e-06
6.180941104888916238e-01 1.093612594604492116e+01 -3.814697265625000000e-06
3.745093078613281534e+01 6.699855804443359375e+00 3.814697265625000000e-06
2.172816619873047017e+01 6.693196868896484020e+00 -3.814697265625000000e-06
1.466550140380859446e+01 6.729821014404296697e+00 3.814697265625000000e-06
2.978769836425781392e+01 -3.443837585449218608e+01 3.814697265625000000e-06
3.020403137207031108e+01 -3.335418395996093466e+01 3.814697265625000000e-06
3.212930297851562500e+01 -2.834267272949218608e+01 -3.814697265625000000e-06
4.363250122070312642e+01 7.674293518066406250e+00 -7.629394531250000000e-06
2.330611877441406321e+01 2.740998535156250071e+01 -3.814697265625000000e-06
4.415960083007812642e+01 1.953533782958984233e+01 3.814697265625000000e-06
4.340485229492187358e+01 1.336337432861328089e+01 -3.814697265625000000e-06
4.015989074707031392e+01 1.533892364501953054e+01 -3.814697265625000000e-06
4.116065368652343892e+01 2.086829986572265483e+01 -7.629394531250000000e-06
4.232839355468750142e+01 2.070181732177734446e+01 3.814697265625000000e-06
4.297738647460937500e+01 2.112024230957031179e+01 -3.814697265625000000e-06
3.870494384765625284e+01 6.626606750488281072e+00 -3.814697265625000000e-06
3.800808410644530966e+01 2.503588104248046786e+00 3.814697265625000000e-06
3.746428833007812642e+01 -7.126672744750977007e-01 3.814697265625000000e-06
3.205917053222655966e+01 -2.253651580810547017e+01 -3.814697265625000000e-06
3.008492126464843608e+01 -2.861788635253906321e+01 -3.814697265625000000e-06
2.864834289550781321e+01 -3.277713012695312500e+01 3.814697265625000000e-06
2.795036926269531108e+01 -3.444503479003905966e+01 3.814697265625000000e-06
3.955375671386718750e+01 1.201379089355468821e+01 -3.814697265625000000e-06
2.937804260253906108e+01 2.716025695800781392e+01 3.814697265625000000e-06
2.429908905029297017e+01 3.296618041992187642e+01 -3.814697265625000000e-06
2.027489013671874929e+01 3.607284545898437500e+01 -7.629394531250000000e-06
4.542697143554687500e+01 8.070506286621093039e+00 3.814697265625000000e-06
2.145320587158203196e+01 3.209711608886718892e+01 3.814697265625000000e-06
1.668817596435546946e+01 2.402037048339843750e+01 -3.814697265625000000e-06
8.566305541992187855e+00 5.433534622192382812e+00 -3.814697265625000000e-06
8.673172760009766336e+00 4.782063293457031072e+00 -3.814697265625000000e-06
1.921679840087890767e+01 3.468544311523437784e+01 -3.814697265625000000e-06
1.473396148681640661e+01 3.827605285644531108e+01 -7.629394531250000000e-06
1.448571929931640589e+01 3.788535766601562216e+01 -3.814697265625000000e-06
7.200971984863281605e+00 -3.384911804199218466e+01 3.814697265625000000e-06
1.109381484985351562e+01 -2.763910217285156179e+01 -3.814697265625000000e-06
1.710694885253906339e+00 -2.625970153808593821e+01 3.814697265625000000e-06
1.211183166503906250e+01 -2.589792785644531392e+01 -3.814697265625000000e-06
1.710694885253906339e+00 -2.625970153808593821e+01 3.814697265625000000e-06
2.892351341247558771e+00 -2.691666564941406392e+01 -3.814697265625000000e-06
5.945288467407226385e+00 -2.222134704589843679e+01 -3.814697265625000000e-06
-3.356812133789062358e+01 2.236219940185547017e+01 3.814697265625000000e-06
-3.279723510742187642e+01 2.733562316894531108e+01 -3.814697265625000000e-06
-3.264639587402344034e+01 2.840334472656250142e+01 -3.814697265625000000e-06
-3.305215454101562500e+01 3.163206481933593750e+01 -3.814697265625000000e-06
4.556222534179687500e+01 1.184731292724609375e+01 3.814697265625000000e-06
4.288554687500000284e+01 6.778653717041015270e+00 -7.629394531250000000e-06
3.579728088378906392e+01 1.222022323608398509e+01 -3.814697265625000000e-06
3.685648498535156392e+01 1.284951019287109375e+01 3.814697265625000000e-06
-4.059627685546875142e+01 2.955764465332031321e+01 -3.814697265625000000e-06
-5.458579711914062216e+01 -1.770463867187499929e+01 3.814697265625000000e-06
-5.449006347656249716e+01 -1.560496215820312571e+01 -3.814697265625000000e-06
-5.299838256835937500e+01 -1.848369140624999929e+01 -3.814697265625000000e-06
-5.316257934570312216e+01 -1.348973541259765696e+01 -3.814697265625000000e-06
-2.958956298828125142e+01 4.283749771118164240e+00 -3.814697265625000000e-06
-9.593799591064453125e+00 -7.758809661865234020e+00 -3.814697265625000000e-06
-1.526163177490234446e+01 -9.783066558837891336e+00 -3.814697265625000000e-06
-4.278293609619140625e+00 -2.206376190185546804e+01 -7.629394531250000000e-06
1.306605148315429732e+00 -2.011836547851562429e+01 -3.814697265625000000e-06
3.291431808471679599e+00 -1.942143859863281108e+01 -3.814697265625000000e-06
5.426539611816406428e+00 -2.184958038330078267e+01 -3.814697265625000000e-06
2.408980865478515554e+01 -6.207315826416015980e+00 3.814697265625000000e-06
2.141981048583984304e+01 7.223251819610595481e-01 3.814697265625000000e-06
2.810788574218749858e+01 2.917552566528320401e+00 -3.814697265625000000e-06
3.031757812500000071e+01 2.811009407043457031e+00 3.814697265625000000e-06
1.645496215820312358e+01 -3.000504760742187571e+01 3.814697265625000000e-06
-3.288963012695312216e+01 1.454981231689453125e+01 -3.814697265625000000e-06
-3.089979248046875071e+01 1.490385742187499929e+01 -3.814697265625000000e-06
-1.368145141601562464e+01 5.189371490478515980e+00 3.814697265625000000e-06
-1.512025604248046839e+01 1.074301223754882884e+01 -3.814697265625000000e-06
-1.394360809326171946e+01 1.103712158203125071e+01 -3.814697265625000000e-06
-1.509799194335937500e+01 1.490607757568359304e+01 3.814697265625000000e-06
-1.566572113037109304e+01 1.533559417724609375e+01 3.814697265625000000e-06
-6.332695007324218750e+00 -3.267170715332031250e+01 3.814697265625000000e-06
-2.194580993652343892e+01 -3.026139221191406392e+01 -7.629394531250000000e-06
-1.703328094482422017e+01 -3.147654113769531392e+01 3.814697265625000000e-06
-1.694533843994140554e+01 -3.147875976562500000e+01 -3.814697265625000000e-06
-9.946125793457031961e+00 -3.386354370117187784e+01 -3.814697265625000000e-06
-1.628632659912109304e+01 -3.171069030761718821e+01 -7.629394531250000000e-06
-9.946125793457031961e+00 -3.386354370117187784e+01 -3.814697265625000000e-06
-1.836299285888672017e+01 -3.579222106933593750e+01 7.629394531250000000e-06
-1.871476135253906392e+01 -3.458818664550781108e+01 -3.814697265625000000e-06
-1.784090423583984375e+01 -3.314666748046875000e+01 3.814697265625000000e-06
-1.694533843994140554e+01 -3.147875976562500000e+01 -3.814697265625000000e-06
-1.734998474121093892e+01 -2.891307373046874929e+01 -3.814697265625000000e-06
1.451911621093750071e+01 9.663130950927733664e+00 3.814697265625000000e-06
8.888575744628905539e+00 8.104911041259764914e+00 -3.814697265625000000e-06
3.020403137207031108e+01 -3.335418395996093466e+01 3.814697265625000000e-06
3.083910827636718821e+01 -3.355393371582031392e+01 -3.814697265625000000e-06
3.795576477050781250e+01 -3.118912353515624858e+01 -7.629394531250000000e-06
3.953817138671875142e+01 -2.844143981933593679e+01 -3.814697265625000000e-06
4.161483764648437500e+01 -2.504786834716797017e+01 -3.814697265625000000e-06
-2.379816589355468892e+01 2.624459228515625142e+01 3.814697265625000000e-06
-2.759916992187499929e+01 2.461194152832031179e+01 -3.814697265625000000e-06
-2.346587829589843821e+01 2.877960205078125000e+01 -7.629394531250000000e-06
-2.524197998046874858e+01 3.015810546875000142e+01 3.814697265625000000e-06
-2.954002685546874929e+01 2.330116271972656250e+01 -7.629394531250000000e-06
-2.498427581787109375e+01 2.331781158447265767e+01 -3.814697265625000000e-06
-2.430634002685546946e+01 2.236885986328125142e+01 3.814697265625000000e-06
-2.379816589355468892e+01 2.624459228515625142e+01 3.814697265625000000e-06
-2.346587829589843821e+01 2.877960205078125000e+01 -7.629394531250000000e-06
-2.219349670410156250e+01 2.757203063964843892e+01 3.814697265625000000e-06
-2.171593475341796875e+01 2.674293518066406250e+01 -3.814697265625000000e-06
-2.152947540283203054e+01 2.623571472167968821e+01 3.814697265625000000e-06
-2.132798614501952983e+01 2.449651184082031108e+01 -7.629394531250000000e-06
-2.171593475341796875e+01 2.286941680908203267e+01 -3.814697265625000000e-06
-2.972036437988281321e+01 2.301481170654296804e+01 3.814697265625000000e-06
-2.076804962158202983e+01 2.194377441406249929e+01 -3.814697265625000000e-06
-5.514685058593750000e+01 -1.508226013183593750e+01 -3.814697265625000000e-06
-5.452902221679687500e+01 -1.557388763427734446e+01 -3.814697265625000000e-06
-5.671311645507812216e+01 -1.393475494384765589e+01 3.814697265625000000e-06
-5.742890014648437358e+01 -1.485586700439453089e+01 3.814697265625000000e-06
-5.675653076171875000e+01 -1.390257263183593750e+01 -3.814697265625000000e-06
-5.509564208984375000e+01 -1.130791015624999929e+01 -3.814697265625000000e-06
-5.166365966796875142e+01 -5.945403671264648082e+00 3.814697265625000000e-06
-4.455925292968750284e+01 5.156076431274414062e+00 3.814697265625000000e-06
-5.635021362304687642e+01 -1.419999084472656214e+01 3.814697265625000000e-06
-5.514685058593750000e+01 -1.508226013183593750e+01 -3.814697265625000000e-06
-5.604575195312499858e+01 -2.016497497558593821e+01 -3.814697265625000000e-06
2.055764160156250142e+01 3.646132202148437784e+01 3.814697265625000000e-06
1.880101928710937642e+01 3.413714294433593466e+01 -3.814697265625000000e-06
1.921679840087890767e+01 3.468544311523437784e+01 -3.814697265625000000e-06
1.448571929931640589e+01 3.788535766601562216e+01 -3.814697265625000000e-06
1.401094207763671839e+01 3.713837585449218892e+01 -7.629394531250000000e-06
-4.603590393066406250e+01 1.621904602050781108e+01 -3.814697265625000000e-06
-5.080594482421874858e+01 1.650428161621093892e+01 3.814697265625000000e-06
-4.859013061523437216e+01 1.837440948486328196e+01 -3.814697265625000000e-06
-4.934209289550781108e+01 1.545656890869140554e+01 -3.814697265625000000e-06
-4.695651550292969034e+01 1.729672546386718679e+01 -3.814697265625000000e-06
-4.395311584472656108e+01 1.631560363769531108e+01 -3.814697265625000000e-06
-4.501065063476562500e+01 1.698818359375000142e+01 -3.814697265625000000e-06
-4.596131896972656250e+01 1.759306182861327983e+01 -3.814697265625000000e-06
-4.629694824218749716e+01 1.780615539550781179e+01 -3.814697265625000000e-06
-4.813149414062500142e+01 1.897374114990234517e+01 -3.814697265625000000e-06
-4.991427612304687500e+01 2.010692291259765696e+01 -3.814697265625000000e-06
-5.039628906250000284e+01 2.040991973876953125e+01 -3.814697265625000000e-06
-5.040909118652344034e+01 1.599596252441406286e+01 -3.814697265625000000e-06
-5.080594482421874858e+01 1.650428161621093892e+01 3.814697265625000000e-06
-5.354495849609374858e+01 1.902479553222656250e+01 -3.814697265625000000e-06
-4.578153991699218750e+01 1.318024749755859304e+01 -3.814697265625000000e-06
-4.560287170410155966e+01 1.388944549560546804e+01 3.814697265625000000e-06
-4.794670410156250284e+01 1.200047225952148366e+01 3.814697265625000000e-06
-4.769456481933593750e+01 1.260312271118164062e+01 -3.814697265625000000e-06
-3.937120666503906108e+01 7.755311584472655895e+00 -7.629394531250000000e-06
-3.903168334960937358e+01 6.533380126953124645e+00 -3.814697265625000000e-06
-4.189537658691406108e+01 4.052905273437500178e+00 3.814697265625000000e-06
-3.998847351074218892e+01 8.161512756347656605e+00 -7.629394531250000000e-06
-3.937120666503906108e+01 7.755311584472655895e+00 -7.629394531250000000e-06
-3.926767883300781392e+01 1.354317016601562429e+01 3.814697265625000000e-06
-4.386628723144531250e+01 5.338088989257812500e+00 3.814697265625000000e-06
-4.427371826171874858e+01 5.602228927612304510e+00 -7.629394531250000000e-06
-4.460210876464843466e+01 7.079419708251952770e+00 -3.814697265625000000e-06
-4.438503723144530966e+01 7.410151672363281428e+00 -3.814697265625000000e-06
-4.438503723144530966e+01 7.410151672363281428e+00 -3.814697265625000000e-06
-4.020498962402344034e+01 4.739889907836913885e+00 -3.814697265625000000e-06
-4.189537658691406108e+01 4.052905273437500178e+00 3.814697265625000000e-06
-4.236069030761719034e+01 4.356998443603515625e+00 -3.814697265625000000e-06
-5.710328979492187784e+01 -1.627859191894531321e+01 -3.814697265625000000e-06
1.915612945556640767e+01 2.157529296874999858e+01 3.814697265625000000e-06
1.636646270751953125e+01 1.870515136718750071e+01 -7.629394531250000000e-06
-1.888062744140625071e+01 2.025786743164062642e+01 -7.629394531250000000e-06
-3.069663391113281392e+01 2.155198516845702983e+01 3.814697265625000000e-06
-3.089979248046875071e+01 1.490385742187499929e+01 -3.814697265625000000e-06
-3.011944274902343821e+01 1.575401306152343750e+01 -3.814697265625000000e-06
-2.924892578125000142e+01 1.656532287597656250e+01 -3.814697265625000000e-06
-2.924892578125000142e+01 1.656532287597656250e+01 -3.814697265625000000e-06
-2.647150268554687358e+01 1.921014404296875000e+01 -3.814697265625000000e-06
-2.351485900878906321e+01 2.069404907226562429e+01 3.814697265625000000e-06
-2.552073001861572266e-01 1.076076965332031321e+01 -3.814697265625000000e-06
-2.818338584899902521e+00 9.501093292236328480e+00 3.814697265625000000e-06
-3.659357452392578036e+00 8.546627807617188211e+00 3.814697265625000000e-06
6.748670578002929910e-01 -2.963363456726074041e+00 -3.814697265625000000e-06
4.733575820922851562e+00 -6.686748504638671875e+00 -3.814697265625000000e-06
1.674383544921875000e+01 6.158255767822265803e+00 -3.814697265625000000e-06
1.076987533569336009e+01 5.661050415039062145e+00 -3.814697265625000000e-06
1.186692886352539134e+01 -3.172289733886718821e+01 -3.814697265625000000e-06
1.015928802490234339e+01 -2.912947082519531250e+01 3.814697265625000000e-06
-4.709566650390625142e+01 -3.024918518066406392e+01 -3.814697265625000000e-06
-4.607542419433593750e+01 -2.726068420410156179e+01 -7.629394531250000000e-06
-5.509564208984375000e+01 -1.130791015624999929e+01 -3.814697265625000000e-06
-5.586763916015625142e+01 -1.074636001586913991e+01 -3.814697265625000000e-06
-5.251636962890624716e+01 -5.499264526367187322e+00 7.629394531250000000e-06
-5.586763916015625142e+01 -1.074636001586913991e+01 -3.814697265625000000e-06
-5.586763916015625142e+01 -1.074636001586913991e+01 -3.814697265625000000e-06
-4.455925292968750284e+01 5.156076431274414062e+00 3.814697265625000000e-06
-4.549990234375000142e+01 5.770923614501953125e+00 -3.814697265625000000e-06
-4.660474853515624716e+01 6.496755981445312855e+00 -3.814697265625000000e-06
6.878702545166015980e+00 -1.157314834594726527e+01 3.814697265625000000e-06
7.249396514892578303e+00 -1.102380599975585973e+01 3.814697265625000000e-06
9.402314758300780895e+00 -7.544619750976562678e+00 3.814697265625000000e-06
9.765216827392578125e+00 -6.910926818847656250e+00 3.814697265625000000e-06
9.765216827392578125e+00 -6.910926818847656250e+00 3.814697265625000000e-06
1.234114990234374964e+01 -2.827966880798340021e+00 3.814697265625000000e-06
1.234114990234374964e+01 -2.827966880798340021e+00 3.814697265625000000e-06
1.319497070312499964e+01 -1.530599403381347701e+00 3.814697265625000000e-06
1.447792663574218786e+01 4.193448543548584095e-01 -3.814697265625000000e-06
1.527163543701171911e+01 1.694527435302734419e+00 -3.814697265625000000e-06
1.670320434570312429e+01 4.378085327148437678e+00 3.814697265625000000e-06
1.674383544921875000e+01 6.158255767822265803e+00 -3.814697265625000000e-06
-3.993058776855468750e+01 -1.393253631591796804e+01 -3.814697265625000000e-06
-3.773091430664062784e+01 -1.190608215332031250e+01 -3.814697265625000000e-06
-3.788843078613281534e+01 -3.377321243286132812e+00 -3.814697265625000000e-06
-3.789789428710937358e+01 -6.241719818115234020e+00 -3.814697265625000000e-06
-3.487890930175781534e+01 -9.278112792968750355e+00 3.814697265625000000e-06
-3.149312744140625142e+01 -2.107608337402343679e+01 -3.814697265625000000e-06
-3.060980529785156179e+01 -2.137016754150390696e+01 3.814697265625000000e-06
-2.991294555664062571e+01 -2.653713684082031321e+01 -3.814697265625000000e-06
-2.045357208251953196e+01 -2.271296539306640483e+01 -3.814697265625000000e-06
-1.169272842407226598e+01 -2.225463867187500000e+01 -7.629394531250000000e-06
-1.244691772460937429e+01 -2.258867340087890696e+01 7.629394531250000000e-06
-1.586609649658203125e+01 -1.554392395019531214e+01 -3.814697265625000000e-06
-1.532731018066406214e+01 -1.508669891357421911e+01 -3.814697265625000000e-06
-2.453064880371093892e+01 -1.958790283203125071e+01 -7.629394531250000000e-06
-2.503269958496093750e+01 -1.878887634277343821e+01 3.814697265625000000e-06
-2.490468139648437429e+01 -1.844374084472656250e+01 -7.629394531250000000e-06
-2.460022277832031179e+01 -1.947692718505859233e+01 3.814697265625000000e-06
-2.429576416015624929e+01 -2.032034149169921733e+01 -3.814697265625000000e-06
-2.618207397460937358e+01 -2.172417907714843821e+01 -3.814697265625000000e-06
-2.554309997558593892e+01 -1.989197540283203125e+01 -3.814697265625000000e-06
-2.503269958496093750e+01 -1.878887634277343821e+01 3.814697265625000000e-06
-2.222744903564453267e+01 -1.842709503173828267e+01 -7.629394531250000000e-06
-2.299443969726562642e+01 -1.697552490234375000e+01 3.814697265625000000e-06
-2.444771575927734375e+01 -1.422551574707031286e+01 3.814697265625000000e-06
-2.480672149658203196e+01 -1.432983551025390589e+01 -3.814697265625000000e-06
-2.299443969726562642e+01 -1.697552490234375000e+01 3.814697265625000000e-06
-1.632194976806640696e+01 -3.692856140136719034e+01 3.814697265625000000e-06
-1.632194976806640696e+01 -3.692856140136719034e+01 3.814697265625000000e-06
-2.421060485839843679e+01 -3.458041687011719034e+01 3.814697265625000000e-06
-2.907137145996093608e+01 -3.041231689453125142e+01 -3.814697265625000000e-06
-3.057640991210937642e+01 -2.945684204101562642e+01 3.814697265625000000e-06
-3.186604614257812429e+01 -2.925376281738281392e+01 3.814697265625000000e-06
-3.785002441406250284e+01 -2.991072082519531250e+01 3.814697265625000000e-06
-1.680841522216796946e+01 3.384967346191406534e+01 -7.629394531250000000e-06
2.723681030273437642e+01 3.490076904296874716e+01 -3.814697265625000000e-06
2.897005615234375142e+01 3.712061767578124716e+01 3.814697265625000000e-06
-7.578147888183593972e-01 3.742362670898437216e+01 3.814697265625000000e-06
-1.768039131164550692e+00 3.583754272460937784e+01 -3.814697265625000000e-06
-7.578147888183593972e-01 3.742362670898437216e+01 3.814697265625000000e-06
-8.805657196044922586e+00 3.769778137207030966e+01 -3.814697265625000000e-06
-1.966187858581542880e+00 3.303277587890625000e+01 -3.814697265625000000e-06
2.930412054061889426e-01 3.149110412597656250e+01 -3.814697265625000000e-06
4.270486450195312145e+00 3.228469238281250142e+01 3.814697265625000000e-06
6.811354064941406605e+00 2.955320434570312571e+01 -3.814697265625000000e-06
-1.966187858581542880e+00 3.303277587890625000e+01 -3.814697265625000000e-06
-9.151860809326171520e+00 3.567993469238281534e+01 -3.814697265625000000e-06
4.987384033203125178e+00 3.743361816406250142e+01 -3.814697265625000000e-06
1.919975471496581987e+00 3.380083618164062642e+01 -3.814697265625000000e-06
3.331506729125976562e+00 3.087399597167968679e+01 -3.814697265625000000e-06
3.707766723632812678e+00 3.145114746093749858e+01 3.814697265625000000e-06
1.114390869140624929e+01 2.413246917724609375e+01 3.814697265625000000e-06
6.811354064941406605e+00 2.955320434570312571e+01 -3.814697265625000000e-06
1.653789520263671875e+01 2.569519653320312358e+01 3.814697265625000000e-06
2.037285156249999929e+01 3.156102905273437642e+01 3.814697265625000000e-06
8.088188171386718750e+00 3.786648864746094034e+01 3.814697265625000000e-06
9.826442718505859375e+00 3.419152832031250000e+01 -3.814697265625000000e-06
8.577437591552733664e+00 2.559641418457031392e+01 -3.814697265625000000e-06
-1.548204345703124929e+01 1.774400329589843750e+01 3.814697265625000000e-06
-1.354619750976562464e+01 1.591383209228515661e+01 -3.814697265625000000e-06
-1.256046371459961009e+01 1.505479888916015696e+01 -3.814697265625000000e-06
-1.049771347045898473e+01 1.094944381713867188e+01 -3.814697265625000000e-06
-7.912318420410156428e+00 1.131902389526367259e+01 -3.814697265625000000e-06
-3.874760437011718572e+00 8.221444702148437145e+00 -3.814697265625000000e-06
-6.461268615722656428e+00 1.002826995849609304e+01 3.814697265625000000e-06
-2.818338584899902521e+00 9.501093292236328480e+00 3.814697265625000000e-06
-1.195544204711914027e+01 5.374713516235351207e+00 3.814697265625000000e-06
-6.956640625000000355e+00 7.380185699462890270e+00 -3.814697265625000000e-06
-9.233124542236328836e+00 6.747578430175781072e+00 -3.814697265625000000e-06
-1.811085357666015483e+01 -5.877705764770507990e+00 3.814697265625000000e-06
-1.790658264160156321e+01 -6.554682159423828480e+00 3.814697265625000000e-06
-1.875261077880859517e+01 -3.348466491699218839e+00 3.814697265625000000e-06
-1.846930236816406179e+01 -5.969819259643554865e+00 3.814697265625000000e-06
-1.846930236816406179e+01 -5.969819259643554865e+00 3.814697265625000000e-06
-1.828284149169921946e+01 -6.932012939453125355e+00 3.814697265625000000e-06
-9.593799591064453125e+00 -7.758809661865234020e+00 -3.814697265625000000e-06
-1.831456756591796875e+01 -1.794734382629394442e+00 -3.814697265625000000e-06
-1.911439819335937429e+01 -1.997829818725585849e+00 3.814697265625000000e-06
-1.312318420410156250e+01 -1.216522502899169966e+00 3.814697265625000000e-06
-2.583753967285156250e+01 1.569075012207031250e+01 -3.814697265625000000e-06
-2.262764129638672017e+01 1.721681518554687429e+01 -3.814697265625000000e-06
-1.354619750976562464e+01 1.591383209228515661e+01 -3.814697265625000000e-06
-2.779787597656250142e+01 2.120570373535156250e+01 -3.814697265625000000e-06
9.664472198486327770e+00 1.782058410644531321e+01 -3.814697265625000000e-06
1.750470428466796946e+01 1.563525695800781179e+01 -3.814697265625000000e-06
1.099028778076171875e+01 1.351653442382812464e+01 -3.814697265625000000e-06
9.969487762451171520e+00 1.140226287841796804e+01 3.814697265625000000e-06
1.169660949707031250e+01 1.149216079711914062e+01 -3.814697265625000000e-06
1.243744125366210973e+01 1.245329284667968750e+01 -3.814697265625000000e-06
1.921645355224609331e+00 1.082847061157226598e+01 -3.814697265625000000e-06
-2.798489379882812500e+01 -2.162873992919922017e+01 -3.814697265625000000e-06
-3.154600219726562571e+01 -1.177290878295898402e+01 -3.814697265625000000e-06
-2.835169067382812358e+01 -1.025361557006835866e+01 3.814697265625000000e-06
-3.069329528808593821e+01 -1.175959167480468714e+01 3.814697265625000000e-06
-2.830493469238281179e+01 -1.167746734619140625e+01 -3.814697265625000000e-06
-3.395662536621093608e+01 3.738423347473144309e-01 -3.814697265625000000e-06
-2.526813964843750071e+01 -5.269535827636718572e+00 -3.814697265625000000e-06
-2.786355285644531321e+01 -3.583745193481445490e+00 3.814697265625000000e-06
-3.395662536621093608e+01 3.738423347473144309e-01 -3.814697265625000000e-06
-2.786355285644531321e+01 -3.583745193481445490e+00 3.814697265625000000e-06
-2.914985046386718892e+01 -7.041883087158202770e+00 -3.814697265625000000e-06
-3.416535034179687358e+01 -6.174021911621093928e+00 -3.814697265625000000e-06
-3.251448364257812784e+01 -6.083018493652343928e+00 -7.629394531250000000e-06
-3.365494995117187216e+01 -1.181840972900390696e+01 3.814697265625000000e-06
-3.487890930175781534e+01 -9.278112792968750355e+00 3.814697265625000000e-06
-3.365494995117187216e+01 -1.181840972900390696e+01 3.814697265625000000e-06
-3.067381591796874929e+01 -1.301586151123046875e+01 -3.814697265625000000e-06
-3.151427612304687642e+01 -1.440196990966796875e+01 -3.814697265625000000e-06
-3.371283569335937358e+01 -1.725629425048828125e+01 3.814697265625000000e-06
-3.148533325195312571e+01 -1.719636688232422017e+01 -7.629394531250000000e-06
-3.361209411621094034e+01 -2.018384094238281179e+01 -3.814697265625000000e-06
-3.148199462890625000e+01 -2.017052459716796875e+01 3.814697265625000000e-06
-3.063930664062500142e+01 -2.016053619384765483e+01 -7.629394531250000000e-06
-3.061370239257812642e+01 -2.121036376953124858e+01 -3.814697265625000000e-06
-3.060980529785156179e+01 -2.137016754150390696e+01 3.814697265625000000e-06
-4.417519836425780966e+01 -3.686957168579101385e+00 3.814697265625000000e-06
-4.331135864257812784e+01 -4.318435668945312500e+00 3.814697265625000000e-06
-4.030128173828124716e+01 -4.224102401733398793e+00 3.814697265625000000e-06
-3.993058776855468750e+01 -1.393253631591796804e+01 -3.814697265625000000e-06
-4.030128173828124716e+01 -4.224102401733398793e+00 3.814697265625000000e-06
-3.979088134765625284e+01 -3.807925796508789151e+00 3.814697265625000000e-06
-3.908066406249999858e+01 -3.068795013427734197e+00 3.814697265625000000e-06
-3.874725952148437358e+01 -2.190936660766601651e+00 3.814697265625000000e-06
-4.192821655273437642e+01 -2.795648803710937358e+01 0.000000000000000000e+00
-4.120964660644531108e+01 -2.781222229003906321e+01 3.814697265625000000e-06
-4.004580383300780966e+01 -2.757917785644531250e+01 -7.629394531250000000e-06
-3.143746643066406321e+01 -2.148669281005859233e+01 3.814697265625000000e-06
-3.876785583496094034e+01 -2.780001525878906321e+01 3.814697265625000000e-06
-3.889921264648437216e+01 -2.734835205078125142e+01 -3.814697265625000000e-06
-4.192821655273437642e+01 -2.795648803710937358e+01 0.000000000000000000e+00
-4.184750976562499858e+01 -2.837263488769531250e+01 3.814697265625000000e-06
-4.120964660644531108e+01 -2.781222229003906321e+01 3.814697265625000000e-06
-4.025897827148437358e+01 -2.807744750976562642e+01 -3.814697265625000000e-06
-4.320950317382812500e+01 -2.526759643554687429e+01 -3.814697265625000000e-06
-4.024951782226562358e+01 -1.422662658691406179e+01 -3.814697265625000000e-06
-4.654685974121093750e+01 -1.653494720458984446e+01 -3.814697265625000000e-06
-4.654352111816406534e+01 -1.883548583984374858e+01 -3.814697265625000000e-06
-4.654018249511718608e+01 -2.170420379638671804e+01 -3.814697265625000000e-06
-4.362082824707031392e+01 -2.164316711425781392e+01 -3.814697265625000000e-06
-4.090908508300780966e+01 -2.158768005371093679e+01 -3.814697265625000000e-06
-4.080555725097656250e+01 -2.158545989990234304e+01 3.814697265625000000e-06
-4.084563293457031108e+01 -1.880663299560546875e+01 3.814697265625000000e-06
-4.086455688476562642e+01 -1.749822387695312642e+01 -3.814697265625000000e-06
-4.102541503906250142e+01 -1.707540283203125142e+01 -7.629394531250000000e-06
-4.130371398925781534e+01 -1.675468139648437571e+01 3.814697265625000000e-06
-4.161652221679687358e+01 -1.654382476806640767e+01 7.629394531250000000e-06
-4.195437622070312500e+01 -1.646836090087890625e+01 3.814697265625000000e-06
-4.391582336425781108e+01 -1.649721527099609375e+01 -3.814697265625000000e-06
-4.087958679199218892e+01 -2.279508666992187571e+01 3.814697265625000000e-06
-4.084563293457031108e+01 -1.880663299560546875e+01 3.814697265625000000e-06
-4.654352111816406534e+01 -1.883548583984374858e+01 -3.814697265625000000e-06
-4.366090393066406250e+01 -1.940812225341796804e+01 -3.814697265625000000e-06
-4.324902038574218466e+01 -6.003113174438476918e+00 3.814697265625000000e-06
-4.507966918945312784e+01 -7.449177551269531072e+00 3.814697265625000000e-06
-4.316831359863281392e+01 -8.820880126953124289e+00 3.814697265625000000e-06
-4.190261230468750142e+01 -1.018369903564453161e+01 3.814697265625000000e-06
-4.498226623535155966e+01 -1.027692108154296946e+01 -3.814697265625000000e-06
-4.185307312011718750e+01 -1.162308807373046804e+01 -3.814697265625000000e-06
-4.309261779785155966e+01 -1.166526031494140625e+01 3.814697265625000000e-06
-4.306423034667968608e+01 -1.304582519531249929e+01 3.814697265625000000e-06
-4.783705444335937784e+01 -1.325446319580078125e+01 -3.814697265625000000e-06
-4.331135864257812784e+01 -4.318435668945312500e+00 3.814697265625000000e-06
-2.601620788574218679e+01 -2.462061767578125071e+01 -3.814697265625000000e-06
-2.564606933593750071e+01 -2.444527740478515554e+01 3.814697265625000000e-06
-2.045802459716797017e+01 -2.194945831298828054e+01 -3.814697265625000000e-06
-2.103076324462890767e+01 -2.298041534423828125e+01 3.814697265625000000e-06
-2.590266113281250071e+01 -2.488140716552734233e+01 -3.814697265625000000e-06
-2.577464294433593750e+01 -2.517437744140625000e+01 -3.814697265625000000e-06
-2.590266113281250071e+01 -2.488140716552734233e+01 -3.814697265625000000e-06
-1.875706329345702983e+01 -2.574034423828124929e+01 -3.814697265625000000e-06
-1.793329925537109304e+01 -1.964782867431640767e+01 -3.814697265625000000e-06
-2.045802459716797017e+01 -2.194945831298828054e+01 -3.814697265625000000e-06
-2.012907562255859517e+01 -2.256203918457031321e+01 3.814697265625000000e-06
-3.245248794555664062e+00 -7.757699584960937145e+00 -3.814697265625000000e-06
2.011814117431640625e+00 -1.115698013305664027e+01 3.814697265625000000e-06
2.011814117431640625e+00 -1.115698013305664027e+01 3.814697265625000000e-06
9.147605895996093750e-01 -1.044782791137695277e+01 -3.814697265625000000e-06
1.938899803161621138e+00 -1.009158706665039062e+01 -3.814697265625000000e-06
1.447980880737304688e+00 -1.079297103881835973e+01 -3.814697265625000000e-06
1.306605148315429732e+00 -1.101381759643554759e+01 3.814697265625000000e-06
-2.073611259460449219e+00 -9.627696228027343039e+00 3.814697265625000000e-06
1.629967041015624929e+01 -3.361783981323242188e+00 -3.814697265625000000e-06
1.039584121704101527e+01 5.976415276527404646e-02 3.814697265625000000e-06
7.175368499755859553e+00 -1.905077972412109233e+01 -3.814697265625000000e-06
4.410749053955077770e+00 -1.733397827148437642e+01 -7.629394531250000000e-06
5.068090820312500355e+00 -1.925164642333984233e+01 3.814697265625000000e-06
4.480880355834960582e+00 -1.753817443847656321e+01 -3.814697265625000000e-06
4.621699523925781428e+00 -1.929381713867187642e+01 -3.814697265625000000e-06
5.749922561645507635e+00 -1.918616943359375071e+01 3.814697265625000000e-06
1.456865234374999929e+01 -6.177351379394531605e+00 3.814697265625000000e-06
-4.433160400390625000e+01 -3.384800720214843750e+01 3.814697265625000000e-06
-4.185585632324218608e+01 -3.172067871093749858e+01 -3.814697265625000000e-06
-4.369374389648437784e+01 -3.013044433593750071e+01 -7.629394531250000000e-06
-4.298296813964843466e+01 -3.110478210449218750e+01 -3.814697265625000000e-06
-4.249316101074218466e+01 -3.164521789550781250e+01 3.814697265625000000e-06
-3.827081298828125000e+01 6.633265686035156428e+00 -3.814697265625000000e-06
-3.657374877929687784e+01 6.857452392578125000e+00 -3.814697265625000000e-06
-3.661215209960937500e+01 7.240346527099609020e+00 3.814697265625000000e-06
-3.937120666503906108e+01 7.755311584472655895e+00 -7.629394531250000000e-06
-3.835653076171875142e+01 7.851867675781250000e+00 3.814697265625000000e-06
-3.835653076171875142e+01 7.851867675781250000e+00 3.814697265625000000e-06
-3.827081298828125000e+01 6.633265686035156428e+00 -3.814697265625000000e-06
-3.773536682128906250e+01 6.704295349121093928e+00 3.814697265625000000e-06
-3.693219604492187358e+01 1.046222000122070384e+01 3.814697265625000000e-06
-3.397610778808594034e+01 7.517806243896484553e+00 -3.814697265625000000e-06
-3.433789672851562358e+01 7.258103942871093395e+00 3.814697265625000000e-06
-3.462231750488281534e+01 7.232577514648437678e+00 3.814697265625000000e-06
-3.397610778808594034e+01 7.517806243896484553e+00 -3.814697265625000000e-06
-3.464346923828124858e+01 7.447885894775390980e+00 3.814697265625000000e-06
-3.346960449218750000e+01 5.486806488037109020e+00 -7.629394531250000000e-06
-3.271819763183593466e+01 4.718803024291991832e+00 -3.814697265625000000e-06
-3.178033142089843821e+01 4.152789688110351207e+00 -7.629394531250000000e-06
-3.262524414062500000e+01 3.274916458129882635e+00 3.814697265625000000e-06
-3.298814697265625284e+01 3.451378631591796697e+00 -3.814697265625000000e-06
-3.335995483398437500e+01 3.680002975463867010e+00 -3.814697265625000000e-06
-3.455886535644530966e+01 4.988491821289062322e+00 -3.814697265625000000e-06
-3.425496215820312784e+01 6.517842864990234020e+00 -3.814697265625000000e-06
-2.997918090820312642e+01 1.232841968536376953e+00 -3.814697265625000000e-06
-2.988623046875000000e+01 3.259378814697265536e+00 3.814697265625000000e-06
-2.988623046875000000e+01 3.259378814697265536e+00 3.814697265625000000e-06
-3.154266357421875000e+01 1.733371162414550692e+00 3.814697265625000000e-06
-3.123764648437499858e+01 2.170641136169433771e+00 3.814697265625000000e-06
-3.046063842773437358e+01 3.352604293823242099e+00 -3.814697265625000000e-06
-3.397610778808594034e+01 7.517806243896484553e+00 -3.814697265625000000e-06
-3.524904479980468608e+01 9.078242492675780539e+00 -3.814697265625000000e-06
-3.525739440917968892e+01 1.016811065673828196e+01 -3.814697265625000000e-06
-3.592753906250000284e+01 3.702405395507812358e+01 -3.814697265625000000e-06
-1.406828613281249929e+01 -3.117247619628906108e+01 3.814697265625000000e-06
-1.170552978515624964e+01 -3.046558227539062358e+01 -3.814697265625000000e-06
-1.394527893066406321e+01 -2.634848022460937500e+01 -3.814697265625000000e-06
-1.100254745483398366e+01 -2.768349304199218608e+01 3.814697265625000000e-06
-1.797448730468750000e+01 3.434691772460937642e+01 -3.814697265625000000e-06
-6.971669006347656072e+00 3.023024902343750142e+01 -3.814697265625000000e-06
-8.239041137695313211e+00 2.829124450683593750e+01 3.814697265625000000e-06
-7.669641876220703480e+00 2.795938415527343679e+01 3.814697265625000000e-06
-9.097871398925780895e+00 2.698378295898437429e+01 -3.814697265625000000e-06
-1.697038574218749929e+01 2.586167907714843750e+01 3.814697265625000000e-06
-1.812810821533203054e+01 2.961758117675781321e+01 -3.814697265625000000e-06
-1.554660949707031214e+01 3.037675781249999929e+01 3.814697265625000000e-06
-1.812810821533203054e+01 2.961758117675781321e+01 -3.814697265625000000e-06
-1.881995849609375071e+01 2.942334594726562358e+01 -3.814697265625000000e-06
-1.947062072753906392e+01 3.327695617675781392e+01 -3.814697265625000000e-06
-1.960197753906249929e+01 3.199167480468749858e+01 -3.814697265625000000e-06
-1.881995849609375071e+01 2.942334594726562358e+01 -3.814697265625000000e-06
-1.697038574218749929e+01 2.586167907714843750e+01 3.814697265625000000e-06
-1.318997497558593679e+01 2.612694396972656108e+01 -3.814697265625000000e-06
-1.291334686279296839e+01 2.456310577392578054e+01 -7.629394531250000000e-06
-1.141888275146484411e+01 2.358307342529296946e+01 3.814697265625000000e-06
-1.204115829467773402e+01 2.038550262451171946e+01 -7.629394531250000000e-06
-4.270501327514648615e+00 1.908916778564453054e+01 -3.814697265625000000e-06
-4.317811965942382812e+00 1.924566040039062642e+01 -3.814697265625000000e-06
-4.438593673706054510e+00 1.964854431152343750e+01 3.814697265625000000e-06
-4.738599777221679688e+00 2.064410400390625000e+01 -7.629394531250000000e-06
-5.184434509277343395e+00 2.512471008300781250e+01 -3.814697265625000000e-06
-4.650657272338866832e+00 1.875065612792968750e+01 3.814697265625000000e-06
-4.803721618652343928e+00 1.893933563232421946e+01 3.814697265625000000e-06
-4.833221435546875000e+00 1.932224121093749858e+01 -7.629394531250000000e-06
-4.623940658569336115e+00 1.958306121826171875e+01 3.814697265625000000e-06
-4.438593673706054510e+00 1.964854431152343750e+01 3.814697265625000000e-06
-3.998325347900390625e+00 1.950315093994140625e+01 -3.814697265625000000e-06
-3.861402130126953214e+00 1.919793548583984233e+01 3.814697265625000000e-06
-4.050645446777343395e+00 1.876508483886718892e+01 3.814697265625000000e-06
-4.190908050537109020e+00 1.868739318847656250e+01 -7.629394531250000000e-06
-1.964518165588378995e+00 1.992712402343750000e+01 -3.814697265625000000e-06
-2.734848976135253906e+00 2.262524261474609233e+01 -3.814697265625000000e-06
-1.014962863922119096e+00 1.873955841064453054e+01 -7.629394531250000000e-06
1.528687572479248136e+00 1.941990966796874929e+01 -3.814697265625000000e-06
1.976748466491699219e+00 1.783723297119140483e+01 3.814697265625000000e-06
2.233339881896972745e+00 1.790826416015625000e+01 -7.629394531250000000e-06
5.529510116577148082e+00 1.876619415283203196e+01 -3.814697265625000000e-06
6.161804580688476918e+00 1.879394226074218821e+01 3.814697265625000000e-06
6.715618896484374822e+00 1.861747131347656392e+01 -3.814697265625000000e-06
4.104063796997070135e+00 1.842102508544921946e+01 3.814697265625000000e-06
2.833908653259277433e+00 2.415799560546874858e+01 3.814697265625000000e-06
-4.541007614135741832e+00 2.476510620117187500e+01 3.814697265625000000e-06
2.833908653259277433e+00 2.415799560546874858e+01 3.814697265625000000e-06
5.251423358917236550e-01 2.147984313964843750e+01 3.814697265625000000e-06
-4.541007614135741832e+00 2.476510620117187500e+01 3.814697265625000000e-06
-3.233003616333007812e+00 2.402037048339843750e+01 3.814697265625000000e-06
-2.532804107666015714e+00 2.521794128417968750e+01 3.814697265625000000e-06
-2.373060607910156161e+00 2.135664672851562429e+01 3.814697265625000000e-06
6.715618896484374822e+00 1.861747131347656392e+01 -3.814697265625000000e-06
6.872023010253906605e+00 1.848872680664062429e+01 -3.814697265625000000e-06
6.250860214233398438e+00 1.774733276367187429e+01 7.629394531250000000e-06
5.826733016967773793e+00 1.716909179687500142e+01 -3.814697265625000000e-06
5.247315216064452947e+00 1.665522308349609304e+01 -3.814697265625000000e-06
4.787565612792969105e+00 1.648763275146484375e+01 3.814697265625000000e-06
4.297760009765625000e+00 1.655311584472656250e+01 -3.814697265625000000e-06
3.790142822265624822e+00 1.686942749023437571e+01 7.629394531250000000e-06
3.437817001342773349e+00 1.716909179687500142e+01 -3.814697265625000000e-06
2.954133605957031339e+00 1.742547149658203054e+01 -7.629394531250000000e-06
2.233339881896972745e+00 1.790826416015625000e+01 -7.629394531250000000e-06
-7.923450469970703125e+00 -3.065534667968750071e+01 -3.814697265625000000e-06
-6.858679199218750355e+00 -3.031576843261718679e+01 -3.814697265625000000e-06
-5.238424301147460938e+00 -3.090281372070312571e+01 3.814697265625000000e-06
-4.273841094970703303e+00 -3.050775146484375000e+01 -3.814697265625000000e-06
-5.671311645507812216e+01 -1.393475494384765589e+01 3.814697265625000000e-06
2.772216491699218821e+01 3.196170654296874858e+01 -3.814697265625000000e-06
2.744386596679687429e+01 3.164871215820312500e+01 3.814697265625000000e-06
2.657279052734374858e+01 3.059318847656249929e+01 3.814697265625000000e-06
3.704350280761718750e+01 1.296049652099609339e+01 -3.814697265625000000e-06
3.846282348632812642e+01 1.380509643554687571e+01 -3.814697265625000000e-06
3.876116027832031108e+01 1.398267364501953125e+01 -3.814697265625000000e-06
3.901552734375000142e+01 1.413361511230468714e+01 -3.814697265625000000e-06
2.112871093749999929e+01 3.724492797851562642e+01 3.814697265625000000e-06
2.381206665039062642e+01 3.531033020019530966e+01 -3.814697265625000000e-06
2.619096374511718750e+01 3.317595520019531108e+01 3.814697265625000000e-06
3.802311401367187216e+01 1.635000915527343679e+01 3.814697265625000000e-06
3.802311401367187216e+01 1.635000915527343679e+01 3.814697265625000000e-06
3.838545837402343608e+01 1.508476562499999929e+01 -3.814697265625000000e-06
3.901552734375000142e+01 1.413361511230468714e+01 -3.814697265625000000e-06
3.918083496093750284e+01 1.391608276367187536e+01 3.814697265625000000e-06
4.813203430175781250e+01 8.630976104736328480e+00 -3.814697265625000000e-06
4.767785339355468466e+01 7.315815734863281072e+00 -3.814697265625000000e-06
-1.595348205566406286e+01 -1.249648513793945348e+01 3.814697265625000000e-06
-1.548594055175781214e+01 -1.117473602294921875e+01 7.629394531250000000e-06
2.330611877441406321e+01 2.740998535156250071e+01 -3.814697265625000000e-06
2.731751708984375071e+01 2.355976562500000071e+01 3.814697265625000000e-06
2.888656616210937500e+01 2.195265350341797017e+01 -3.814697265625000000e-06
2.990625305175781179e+01 2.259194641113281321e+01 3.814697265625000000e-06
2.963352050781249858e+01 2.292491149902343750e+01 3.814697265625000000e-06
2.145320587158203196e+01 3.209711608886718892e+01 3.814697265625000000e-06
1.401094207763671839e+01 3.713837585449218892e+01 -7.629394531250000000e-06
1.801420211791992188e+00 1.149881973266601598e+01 -3.814697265625000000e-06
2.334007263183593750e+01 1.179182052612304688e+01 3.814697265625000000e-06
1.118398361206054759e+01 1.504481048583984304e+01 3.814697265625000000e-06
1.431540069580078089e+01 1.592160186767578089e+01 -3.814697265625000000e-06
1.659411010742187642e+01 1.653091735839843679e+01 -3.814697265625000000e-06
1.072312088012695241e+01 1.454648284912109446e+01 3.814697265625000000e-06
1.081885528564453125e+01 1.452983551025390696e+01 -3.814697265625000000e-06
4.410749053955077770e+00 -1.733397827148437642e+01 -7.629394531250000000e-06
5.792780685424804510e+00 -2.136461944580078054e+01 3.814697265625000000e-06
5.743243408203125178e+00 -2.122035217285156250e+01 3.814697265625000000e-06
3.291431808471679599e+00 -1.942143859863281108e+01 -3.814697265625000000e-06
4.621699523925781428e+00 -1.929381713867187642e+01 -3.814697265625000000e-06
5.749922561645507635e+00 -1.918616943359375071e+01 3.814697265625000000e-06
7.007833099365234020e+00 -1.906631622314453267e+01 3.814697265625000000e-06
6.695581817626953480e+00 1.345327148437499964e+01 -3.814697265625000000e-06
7.450328063964843928e+00 9.967228698730469461e+00 3.814697265625000000e-06
2.183802795410156428e+00 1.147440261840820241e+01 -3.814697265625000000e-06
2.183802795410156428e+00 1.147440261840820241e+01 -3.814697265625000000e-06
3.178977661132812571e+01 -2.335328979492187429e+01 3.814697265625000000e-06
2.795036926269531108e+01 -3.444503479003905966e+01 3.814697265625000000e-06
2.635293273925781321e+01 -3.328981933593750142e+01 3.814697265625000000e-06
-2.824426574707031179e+01 -1.806942367553710849e+00 3.814697265625000000e-06
-2.784685668945312642e+01 -1.254256153106689364e+00 -7.629394531250000000e-06
-2.743553161621093750e+01 -6.915808200836182085e-01 -3.814697265625000000e-06
3.158829040527343679e+01 -2.236561431884765483e+01 -3.814697265625000000e-06
3.320242309570312500e+01 -2.294157409667968750e+01 -3.814697265625000000e-06
3.158829040527343679e+01 -2.236561431884765483e+01 -3.814697265625000000e-06
2.826651611328124858e+01 -3.261844177246094034e+01 3.814697265625000000e-06
2.864834289550781321e+01 -3.277713012695312500e+01 3.814697265625000000e-06
-5.184434509277343395e+00 2.512471008300781250e+01 -3.814697265625000000e-06
-6.535852813720703480e+00 2.590940551757812571e+01 3.814697265625000000e-06
-1.320722961425781250e+01 1.655200500488281179e+01 -3.814697265625000000e-06
3.367128753662109286e+00 6.718722534179687678e+00 -3.814697265625000000e-06
2.140944671630859553e+00 4.611149597167968572e+00 3.814697265625000000e-06
1.700331568717956543e-01 3.924165344238281339e+00 -3.814697265625000000e-06
-7.706165313720703125e-01 4.551218795776367010e+00 -7.629394531250000000e-06
-9.047565460205078125e-01 4.984052658081054688e+00 3.814697265625000000e-06
-1.203649330139160201e+00 5.566714477539062678e+00 -3.814697265625000000e-06
-3.194598388671875178e+00 5.385811614990234197e+00 3.814697265625000000e-06
-4.393475036621093466e+01 9.826277923583983664e+00 -7.629394531250000000e-06
-4.655298461914062358e+01 1.583170318603515625e+01 -3.814697265625000000e-06
-4.632533569335937784e+01 1.650982971191406179e+01 -3.814697265625000000e-06
-4.596131896972656250e+01 1.759306182861327983e+01 -3.814697265625000000e-06
-3.633663635253905966e+01 1.795043945312500000e+01 3.814697265625000000e-06
-4.603590393066406250e+01 1.621904602050781108e+01 -3.814697265625000000e-06
-5.020092468261718466e+01 1.894821319580078267e+01 -3.814697265625000000e-06
-5.020092468261718466e+01 1.894821319580078267e+01 -3.814697265625000000e-06
-4.991427612304687500e+01 2.010692291259765696e+01 -3.814697265625000000e-06
-4.679287719726562500e+01 1.812135925292968608e+01 3.814697265625000000e-06
-4.695651550292969034e+01 1.729672546386718679e+01 -3.814697265625000000e-06
2.389277343750000071e+01 1.563636627197265661e+01 -3.814697265625000000e-06
2.409927062988281321e+01 1.444881439208984375e+01 -3.814697265625000000e-06
2.362727661132812429e+01 1.370742950439453089e+01 3.814697265625000000e-06
