2.178660888671874929e+01 -3.092944641113281179e+01 -3.814697265625000000e-06
-4.340375366210937358e+01 -2.521659851074218750e+00 3.814697265625000000e-06
-4.313046569824219034e+01 -1.013597869873046875e+01 -3.814697265625000000e-06
-1.301353454589843750e+01 3.266539306640625284e+01 -3.814697265625000000e-06
1.211183166503906250e+01 -2.589792785644531392e+01 -3.814697265625000000e-06
3.897566223144531161e+00 -1.701547546386718679e+01 -7.629394531250000000e-06
-3.245248794555664062e+00 -7.757699584960937145e+00 -3.814697265625000000e-06
-1.111219711303710866e+01 4.576744842529296697e+00 -3.814697265625000000e-06
-4.527392272949218466e+01 2.938782958984375071e+01 -7.629394531250000000e-06
-3.466016540527343892e+01 1.777064056396484304e+01 -3.814697265625000000e-06
1.473396148681640661e+01 3.827605285644531108e+01 -7.629394531250000000e-06
3.927768249511719034e+01 1.024247055053711009e+01 -3.814697265625000000e-06
-1.679784088134765696e+01 -9.823018646240234020e+00 -3.814697265625000000e-06
-4.628692932128906534e+01 -3.588210754394530966e+01 3.814697265625000000e-06
-5.571958618164062216e+01 -1.466165618896484446e+01 -7.629394531250000000e-06
-1.341428375244140625e+01 -1.730179595947265625e+01 -3.814697265625000000e-06
2.456069030761718608e+01 2.722241210937500000e+01 3.814697265625000000e-06
-1.196546096801757741e+01 -2.987631835937499858e+01 -3.814697265625000000e-06
-7.804895019531249645e+00 -3.709723815917968892e+01 -3.814697265625000000e-06
-4.279261169433593892e+01 -2.813071594238281392e+01 3.814697265625000000e-06
-8.237371063232421520e+00 -2.389040679931640554e+01 3.814697265625000000e-06
-2.506665191650390767e+01 8.840736389160156250e+00 -3.814697265625000000e-06
3.004206237792968892e+01 2.241214447021484446e+01 -3.814697265625000000e-06
3.925430603027344034e+01 2.311588478088379084e+00 -7.629394531250000000e-06
9.236660957336425559e-01 -3.154645385742187358e+01 3.814697265625000000e-06
1.907709197998046946e+01 1.644989776611328125e+01 -3.814697265625000000e-06
4.767785339355468466e+01 7.315815734863281072e+00 -3.814697265625000000e-06
-1.792662048339843750e+01 2.002590179443359375e+01 3.814697265625000000e-06
-9.446857452392578125e+00 2.156197509765625142e+01 3.814697265625000000e-06
-3.150648498535156250e+01 -1.545514373779296946e+01 3.814697265625000000e-06
-3.305215454101562500e+01 3.163206481933593750e+01 -3.814697265625000000e-06
3.654333114624023438e+00 -6.015320968627929865e+00 3.814697265625000000e-06
3.042945251464843892e+01 6.774214935302734553e+00 -3.814697265625000000e-06
2.171202392578124929e+01 -1.009491653442382741e+01 -3.814697265625000000e-06
2.942145690917968892e+01 -1.610435791015624929e+01 -3.814697265625000000e-06
3.419928894042968892e+01 -4.817846679687500355e+00 -3.814697265625000000e-06
-3.973243713378906250e+01 3.720053100585937500e+01 3.814697265625000000e-06
-1.321001281738281286e+01 -2.268623352050781250e+00 3.814697265625000000e-06
4.155416564941405966e+01 2.397375488281250000e+01 3.814697265625000000e-06
2.172816619873047017e+01 6.693196868896484020e+00 -3.814697265625000000e-06
3.008492126464843608e+01 -2.861788635253906321e+01 -3.814697265625000000e-06
1.668817596435546946e+01 2.402037048339843750e+01 -3.814697265625000000e-06
-1.394360809326171946e+01 1.103712158203125071e+01 -3.814697265625000000e-06
-1.871476135253906392e+01 -3.458818664550781108e+01 -3.814697265625000000e-06
3.953817138671875142e+01 -2.844143981933593679e+01 -3.814697265625000000e-06
-2.379816589355468892e+01 2.624459228515625142e+01 3.814697265625000000e-06
-5.166365966796875142e+01 -5.945403671264648082e+00 3.814697265625000000e-06
-4.934209289550781108e+01 1.545656890869140554e+01 -3.814697265625000000e-06
-4.020498962402344034e+01 4.739889907836913885e+00 -3.814697265625000000e-06
-2.647150268554687358e+01 1.921014404296875000e+01 -3.814697265625000000e-06
-2.818338584899902521e+00 9.501093292236328480e+00 3.814697265625000000e-06
1.076987533569336009e+01 5.661050415039062145e+00 -3.814697265625000000e-06
-3.487890930175781534e+01 -9.278112792968750355e+00 3.814697265625000000e-06
-2.618207397460937358e+01 -2.172417907714843821e+01 -3.814697265625000000e-06
-2.444771575927734375e+01 -1.422551574707031286e+01 3.814697265625000000e-06
-2.907137145996093608e+01 -3.041231689453125142e+01 -3.814697265625000000e-06
2.723681030273437642e+01 3.490076904296874716e+01 -3.814697265625000000e-06
-1.966187858581542880e+00 3.303277587890625000e+01 -3.814697265625000000e-06
4.987384033203125178e+00 3.743361816406250142e+01 -3.814697265625000000e-06
-4.654352111816406534e+01 -1.883548583984374858e+01 -3.814697265625000000e-06
-1.875706329345702983e+01 -2.574034423828124929e+01 -3.814697265625000000e-06
1.629967041015624929e+01 -3.361783981323242188e+00 -3.814697265625000000e-06
-3.271819763183593466e+01 4.718803024291991832e+00 -3.814697265625000000e-06
2.833908653259277433e+00 2.415799560546874858e+01 3.814697265625000000e-06
3.790142822265624822e+00 1.686942749023437571e+01 7.629394531250000000e-06
1.081885528564453125e+01 1.452983551025390696e+01 -3.814697265625000000e-06
-2.784685668945312642e+01 -1.254256153106689364e+00 -7.629394531250000000e-06
