2.178660888671874929e+01 -3.092944641113281179e+01 -3.814697265625000000e-06
-4.313046569824219034e+01 -1.013597869873046875e+01 -3.814697265625000000e-06
-1.301353454589843750e+01 3.266539306640625284e+01 -3.814697265625000000e-06
-3.245248794555664062e+00 -7.757699584960937145e+00 -3.814697265625000000e-06
-4.527392272949218466e+01 2.938782958984375071e+01 -7.629394531250000000e-06
-3.466016540527343892e+01 1.777064056396484304e+01 -3.814697265625000000e-06
1.473396148681640661e+01 3.827605285644531108e+01 -7.629394531250000000e-06
-5.571958618164062216e+01 -1.466165618896484446e+01 -7.629394531250000000e-06
-7.804895019531249645e+00 -3.709723815917968892e+01 -3.814697265625000000e-06
-4.279261169433593892e+01 -2.813071594238281392e+01 3.814697265625000000e-06
-8.237371063232421520e+00 -2.389040679931640554e+01 3.814697265625000000e-06
-2.506665191650390767e+01 8.840736389160156250e+00 -3.814697265625000000e-06
3.925430603027344034e+01 2.311588478088379084e+00 -7.629394531250000000e-06
1.907709197998046946e+01 1.644989776611328125e+01 -3.814697265625000000e-06
-1.792662048339843750e+01 2.002590179443359375e+01 3.814697265625000000e-06
-9.446857452392578125e+00 2.156197509765625142e+01 3.814697265625000000e-06
2.171202392578124929e+01 -1.009491653442382741e+01 -3.814697265625000000e-06
-3.973243713378906250e+01 3.720053100585937500e+01 3.814697265625000000e-06
-1.321001281738281286e+01 -2.268623352050781250e+00 3.814697265625000000e-06
4.155416564941405966e+01 2.397375488281250000e+01 3.814697265625000000e-06
3.953817138671875142e+01 -2.844143981933593679e+01 -3.814697265625000000e-06
-3.487890930175781534e+01 -9.278112792968750355e+00 3.814697265625000000e-06
-2.618207397460937358e+01 -2.172417907714843821e+01 -3.814697265625000000e-06
-2.907137145996093608e+01 -3.041231689453125142e+01 -3.814697265625000000e-06
2.723681030273437642e+01 3.490076904296874716e+01 -3.814697265625000000e-06
4.987384033203125178e+00 3.743361816406250142e+01 -3.814697265625000000e-06
2.833908653259277433e+00 2.415799560546874858e+01 3.814697265625000000e-06
